000979
000980
000981
000983
000984
000994
000995
000996
000997
000998
001000
001038
001039
001040
001059
001065
001066
001067
001068
001077
001079
001752
003258
003259
003260
003261
003262
003263
003264
003265
003266
003276
004041
004118
004120
004132
004133
004136
004137
004138
004139
004150
004160
004161
004162
004163
004165
004166
004167
004168
004169
004171
004172
004173
004174
004175
004182
004184
004185
004186
004188
004189
004190
004191
004192
004193
004194
004195
004196
004200
004202
004206
004208
004217
004219
004221
004225
004227
004229
004231
004235
004237
005012
005023
005045
005046
005048
005052
005053
005054
005055
005056
005057
005058
005059
005060
005061
005062
005064
005065
005066
005067
005069
005070
005073
005074
005075
005076
005077
005078
005080
005083
005086
005088
005089
005090
005092
005093
005094
005097
005098
005099
005100
005102
005104
005105
005107
005110
005111
005112
005113
005114
005131
005134
005135
005136
005143
005145
005146
005667
