000979.png: [368, 160, 416, 226]
000980.png: [368, 159, 418, 226]
000981.png: [368, 160, 421, 226]
000983.png: [368, 151, 421, 226]
000984.png: [368, 151, 421, 226]
000994.png: [366, 136, 460, 226]
000995.png: [360, 130, 460, 226]
000996.png: [352, 132, 463, 226]
000997.png: [353, 130, 469, 226]
000998.png: [354, 132, 469, 226]
001000.png: [354, 132, 469, 226]
001038.png: [353, 132, 469, 226]
001039.png: [353, 134, 470, 226]
001040.png: [354, 115, 470, 226]
001059.png: [356, 122, 469, 224]
001065.png: [355, 130, 470, 224]
001066.png: [356, 128, 470, 224]
001067.png: [356, 129, 470, 224]
001068.png: [356, 129, 470, 224]
001077.png: [355, 132, 470, 218]
001079.png: [355, 129, 469, 218]
001156.png: [355, 174, 402, 207]
001736.png: [360, 178, 392, 220]
001737.png: [362, 173, 394, 222]
001752.png: [370, 134, 413, 202]
001938.png: [371, 155, 414, 206]
001943.png: [372, 155, 413, 206]
001944.png: [372, 155, 413, 216]
001945.png: [372, 155, 413, 216]
001946.png: [375, 156, 412, 206]
001947.png: [372, 156, 414, 205]
001948.png: [372, 156, 414, 205]
001950.png: [372, 156, 414, 202]
001951.png: [372, 155, 414, 205]
001952.png: [372, 155, 414, 202]
001953.png: [372, 155, 414, 202]
001954.png: [372, 155, 414, 202]
001955.png: [372, 155, 412, 202]
001956.png: [372, 155, 412, 202]
001957.png: [372, 155, 413, 202]
001958.png: [374, 156, 413, 202]
001959.png: [374, 156, 413, 202]
001960.png: [374, 156, 413, 205]
001961.png: [372, 156, 408, 205]
001962.png: [372, 156, 408, 205]
001963.png: [374, 156, 408, 206]
001964.png: [374, 156, 408, 205]
001965.png: [372, 156, 408, 206]
001966.png: [370, 156, 408, 206]
001968.png: [375, 156, 408, 204]
002024.png: [373, 157, 422, 206]
002025.png: [374, 157, 422, 206]
002026.png: [375, 157, 422, 206]
002028.png: [375, 159, 408, 206]
002030.png: [372, 159, 422, 206]
002031.png: [375, 158, 408, 206]
002034.png: [372, 160, 414, 206]
002036.png: [375, 161, 408, 205]
002037.png: [375, 161, 408, 206]
002038.png: [375, 160, 408, 206]
002040.png: [374, 170, 421, 206]
002041.png: [374, 172, 422, 206]
002042.png: [374, 158, 408, 206]
002044.png: [376, 158, 408, 206]
002045.png: [376, 171, 408, 206]
002047.png: [375, 160, 408, 206]
002048.png: [375, 159, 409, 205]
002049.png: [375, 159, 409, 205]
002051.png: [376, 161, 409, 205]
002052.png: [376, 161, 409, 205]
002053.png: [376, 161, 409, 205]
002054.png: [376, 161, 409, 205]
002067.png: [376, 160, 409, 204]
002068.png: [376, 158, 409, 204]
002070.png: [376, 160, 409, 205]
002072.png: [376, 160, 409, 205]
002073.png: [376, 160, 409, 204]
002074.png: [376, 160, 409, 204]
002079.png: [376, 159, 411, 204]
002080.png: [376, 158, 409, 204]
002081.png: [376, 158, 409, 205]
002082.png: [377, 158, 409, 205]
002083.png: [377, 158, 408, 205]
002084.png: [377, 159, 408, 205]
002089.png: [377, 160, 407, 206]
002091.png: [377, 160, 408, 206]
002092.png: [376, 160, 408, 204]
002093.png: [377, 160, 408, 204]
002095.png: [377, 160, 408, 204]
002096.png: [377, 159, 408, 205]
002098.png: [377, 160, 408, 203]
002099.png: [377, 160, 408, 203]
002100.png: [377, 160, 408, 206]
002101.png: [377, 160, 408, 207]
002102.png: [377, 160, 408, 205]
002104.png: [377, 161, 408, 205]
002107.png: [377, 160, 408, 205]
002110.png: [377, 160, 408, 205]
002114.png: [378, 160, 408, 204]
002116.png: [378, 160, 408, 204]
002117.png: [378, 160, 409, 204]
002118.png: [378, 160, 409, 205]
002131.png: [377, 173, 408, 206]
002133.png: [377, 159, 406, 204]
002136.png: [378, 159, 408, 204]
002193.png: [378, 175, 416, 206]
002195.png: [378, 175, 414, 205]
002230.png: [377, 160, 420, 202]
002231.png: [377, 160, 408, 206]
002232.png: [379, 160, 407, 204]
002233.png: [379, 159, 416, 204]
002238.png: [379, 158, 408, 203]
002239.png: [379, 160, 408, 205]
002240.png: [379, 160, 408, 203]
002241.png: [379, 160, 408, 203]
002390.png: [378, 158, 416, 206]
002391.png: [378, 160, 410, 206]
002417.png: [375, 158, 416, 206]
002419.png: [376, 153, 422, 205]
002420.png: [376, 152, 422, 203]
002421.png: [379, 152, 422, 203]
002531.png: [378, 154, 420, 203]
002532.png: [380, 154, 420, 205]
002533.png: [379, 153, 422, 205]
002534.png: [380, 152, 422, 205]
002535.png: [380, 152, 422, 205]
002536.png: [380, 152, 422, 205]
002536.png: [351, 124, 394, 179]
002537.png: [380, 149, 422, 206]
002538.png: [379, 149, 422, 206]
002539.png: [379, 152, 422, 206]
002540.png: [379, 152, 422, 206]
002541.png: [379, 152, 423, 206]
002542.png: [379, 152, 423, 208]
002543.png: [379, 152, 423, 208]
002545.png: [380, 152, 423, 208]
002548.png: [379, 150, 423, 208]
002549.png: [377, 150, 422, 206]
002551.png: [379, 150, 422, 206]
002552.png: [379, 150, 422, 204]
002677.png: [381, 142, 422, 199]
002678.png: [387, 142, 422, 199]
002819.png: [378, 168, 422, 204]
003258.png: [379, 150, 431, 206]
003259.png: [379, 150, 431, 207]
003260.png: [378, 150, 432, 208]
003261.png: [379, 150, 434, 207]
003262.png: [379, 150, 434, 207]
003263.png: [378, 150, 434, 207]
003264.png: [379, 150, 434, 208]
003264.png: [347, 121, 397, 176]
003265.png: [379, 150, 434, 207]
003266.png: [379, 150, 434, 208]
003266.png: [347, 121, 397, 176]
003274.png: [347, 122, 398, 174]
003275.png: [347, 123, 398, 174]
003276.png: [377, 150, 439, 208]
003352.png: [376, 160, 422, 206]
003370.png: [377, 171, 419, 204]
003372.png: [377, 171, 419, 203]
003375.png: [378, 172, 422, 205]
003377.png: [378, 175, 420, 205]
003379.png: [378, 175, 420, 204]
003381.png: [380, 172, 422, 204]
003385.png: [379, 173, 421, 207]
003393.png: [379, 176, 418, 205]
003394.png: [379, 175, 418, 204]
003395.png: [379, 176, 418, 205]
003858.png: [380, 168, 435, 208]
003859.png: [380, 168, 435, 208]
003860.png: [380, 167, 435, 208]
004041.png: [351, 129, 395, 204]
004112.png: [368, 137, 408, 204]
004118.png: [368, 136, 410, 204]
004120.png: [368, 136, 408, 232]
004132.png: [365, 155, 427, 241]
004133.png: [364, 155, 427, 241]
004136.png: [352, 138, 444, 239]
004137.png: [362, 151, 439, 239]
004138.png: [366, 138, 439, 239]
004139.png: [365, 138, 439, 239]
004150.png: [366, 141, 438, 240]
004160.png: [364, 157, 439, 240]
004161.png: [364, 155, 439, 240]
004162.png: [364, 155, 439, 240]
004163.png: [364, 155, 439, 240]
004165.png: [364, 146, 408, 240]
004166.png: [364, 142, 408, 240]
004167.png: [365, 142, 408, 240]
004168.png: [365, 142, 408, 240]
004169.png: [365, 142, 408, 240]
004171.png: [364, 158, 409, 240]
004172.png: [365, 162, 409, 240]
004173.png: [364, 162, 409, 240]
004174.png: [365, 142, 409, 240]
004175.png: [365, 142, 409, 240]
004182.png: [360, 156, 409, 240]
004184.png: [364, 142, 409, 240]
004185.png: [362, 156, 409, 240]
004186.png: [364, 156, 409, 240]
004188.png: [364, 160, 409, 240]
004189.png: [364, 160, 409, 241]
004190.png: [363, 160, 409, 241]
004191.png: [364, 160, 409, 241]
004192.png: [364, 160, 409, 241]
004193.png: [364, 160, 409, 241]
004194.png: [363, 161, 408, 240]
004195.png: [363, 143, 408, 240]
004196.png: [363, 152, 408, 240]
004200.png: [363, 162, 409, 240]
004202.png: [363, 152, 408, 240]
004206.png: [364, 158, 409, 239]
004208.png: [364, 158, 409, 239]
004217.png: [363, 172, 408, 240]
004219.png: [363, 158, 408, 240]
004221.png: [363, 158, 408, 240]
004225.png: [362, 158, 409, 240]
004227.png: [363, 158, 409, 240]
004229.png: [363, 170, 405, 240]
004231.png: [364, 170, 405, 240]
004233.png: [364, 172, 405, 240]
004235.png: [363, 172, 405, 240]
004237.png: [363, 173, 405, 240]
004238.png: [364, 173, 405, 240]
004244.png: [364, 169, 406, 232]
004249.png: [364, 168, 399, 231]
004336.png: [368, 157, 388, 230]
004337.png: [368, 155, 388, 230]
004338.png: [367, 155, 391, 230]
004339.png: [367, 155, 391, 231]
004340.png: [367, 154, 391, 231]
004341.png: [367, 155, 391, 231]
004347.png: [368, 155, 390, 230]
004350.png: [368, 153, 387, 230]
004351.png: [368, 153, 387, 230]
004353.png: [369, 153, 387, 230]
004355.png: [368, 155, 387, 230]
004356.png: [368, 155, 387, 230]
004359.png: [368, 153, 391, 230]
004361.png: [369, 149, 391, 229]
004362.png: [368, 149, 392, 230]
004363.png: [368, 149, 392, 231]
004365.png: [368, 149, 392, 231]
004366.png: [369, 149, 392, 231]
004367.png: [368, 153, 386, 230]
004368.png: [368, 153, 386, 230]
004369.png: [368, 153, 386, 230]
004372.png: [368, 155, 390, 228]
004378.png: [368, 155, 387, 228]
004382.png: [369, 154, 387, 228]
004385.png: [369, 154, 386, 228]
004394.png: [369, 155, 386, 228]
004396.png: [369, 155, 386, 228]
004397.png: [368, 155, 386, 228]
004398.png: [368, 155, 386, 228]
004400.png: [368, 155, 385, 229]
004402.png: [369, 155, 385, 228]
004403.png: [369, 155, 388, 229]
004404.png: [369, 155, 388, 228]
004779.png: [397, 168, 432, 198]
005007.png: [396, 155, 424, 197]
005012.png: [354, 159, 404, 226]
005018.png: [364, 188, 397, 240]
005019.png: [367, 167, 397, 239]
005023.png: [368, 151, 437, 238]
005045.png: [365, 134, 462, 240]
005046.png: [365, 135, 462, 240]
005048.png: [365, 136, 462, 240]
005052.png: [365, 138, 461, 238]
005053.png: [369, 137, 461, 238]
005054.png: [369, 138, 461, 238]
005055.png: [368, 138, 461, 238]
005056.png: [368, 138, 461, 238]
005057.png: [368, 138, 459, 238]
005058.png: [370, 138, 459, 238]
005059.png: [370, 137, 459, 238]
005060.png: [370, 138, 459, 238]
005061.png: [370, 138, 459, 239]
005062.png: [369, 138, 460, 239]
005064.png: [370, 138, 460, 239]
005065.png: [368, 138, 458, 238]
005066.png: [369, 138, 458, 238]
005067.png: [369, 138, 458, 238]
005069.png: [368, 138, 458, 238]
005070.png: [368, 138, 458, 238]
005073.png: [368, 138, 438, 238]
005074.png: [366, 138, 429, 238]
005075.png: [366, 138, 429, 238]
005076.png: [366, 138, 429, 238]
005077.png: [370, 140, 459, 238]
005078.png: [366, 140, 429, 238]
005080.png: [366, 140, 429, 238]
005083.png: [366, 139, 429, 238]
005086.png: [370, 139, 429, 238]
005088.png: [369, 140, 429, 237]
005089.png: [369, 139, 458, 238]
005090.png: [369, 139, 458, 238]
005092.png: [369, 139, 425, 238]
005093.png: [370, 140, 425, 238]
005094.png: [370, 139, 425, 238]
005097.png: [370, 138, 429, 237]
005098.png: [369, 137, 456, 238]
005099.png: [369, 137, 456, 238]
005100.png: [370, 137, 456, 237]
005102.png: [370, 137, 437, 237]
005104.png: [370, 138, 437, 238]
005105.png: [370, 138, 437, 238]
005107.png: [370, 138, 437, 238]
005110.png: [370, 138, 437, 238]
005111.png: [370, 138, 437, 238]
005112.png: [369, 139, 438, 238]
005113.png: [369, 139, 438, 238]
005114.png: [369, 139, 437, 238]
005131.png: [369, 147, 439, 204]
005134.png: [372, 147, 438, 204]
005135.png: [371, 148, 437, 204]
005136.png: [371, 148, 437, 204]
005143.png: [372, 148, 425, 204]
005145.png: [372, 148, 425, 204]
005146.png: [371, 148, 425, 204]
005147.png: [374, 162, 425, 205]
005604.png: [583, 386, 637, 416]
005660.png: [487, 213, 518, 248]
005667.png: [466, 256, 597, 382]
005737.png: [487, 212, 519, 248]
005805.png: [263, 300, 288, 343]
005819.png: [247, 318, 286, 343]
005822.png: [247, 318, 286, 342]
005823.png: [247, 318, 286, 342]
005825.png: [247, 318, 286, 342]
005827.png: [247, 318, 286, 342]
